Data1

124	26	33.2	0.305	3	80	33	130	0
65	42	32	0.6	8	72	23	0	0
120	48	42.3	0.785	11	80	37	150	1
162	54	27.7	0.182	10	84	0	0	0
112	25	34.4	0.528	1	72	30	176	0
121	25	36	0.127	3	52	0	0	1
125	21	24.7	0.206	0	68	0	0	0
91	22	27.3	0.525	2	62	0	0	0
157	38	31.928623923221686	0.7807508467838782	6	52	32	174	1
100	21	30.8	0.597	0	70	26	50	0
186	34	39.062227963687675	0.20081113981843837	0	82	44	520	1
62	41	32.6	0.391	7	78	0	0	0
104	48	28.8	0.153	5	74	0	0	0
167	41	32.88671166072097	0.1367274841062736	5	65	0	0	1


Data2

121	31	33.66887759489347	0.9791547458667176	8	55	0	0	1
110	26	35.98895454601075	0.5087512626108124	5	62	41	128	1
135	37	44.53858624324709	0.8307488677690481	1	79	40	181	1
122	22	29.8	0.717	2	60	18	106	0
109	54	42.7	0.845	2	92	0	0	0
137	34	34.314608884637984	0.29799434451883533	4	83	39	88	1
125	27	32.3	0.536	4	80	0	0	1
103	65	39.2	0.305	5	108	37	0	0
97	21	18.2	0.299	1	64	19	82	0
104	22	33.6	0.51	0	64	37	64	1
109	27	25	0.206	6	60	27	0	0
117	22	30.8	0.493	0	66	31	188	0
171	27	42.961661627447214	0.4422955435782149	3	72	0	0	1
171	26	43.6	0.479	4	72	0	0	1
100	46	36.6	0.412	14	78	25	184	1



Data3

5.569966529911355	74	0.9650167350443228	1.8551171453102597	0.5699665299113543	1.1	4.159732239290835	49	21	4.895050205132969	0
5.8	62	0.9	4.9	1.3	2.8	7	47	24	4	1
5.449651036790913	44	0.961009654947228	2.483028964841684	0.440252413736807	1.120757241210421	4.9	31	21.40252413736807	4.577980690105544	0
4	63	0.9	2.5	0.9	5.1	3.6	60	30	12	1
3.5612595958172615	72	1.1477480808365477	2.334236565855834	0.6522519191634523	1.2135115149807139	3.7	46	24	4.952251919163452	0
4.3	57	1.8	1.3	1.8	4.1	6.6	55	29	10.6	1
3.9	49	1.8	1	0.9	2.1	4.8	55	30	12.2	1
3.9570014796733752	54	1.3778192579442727	2.042998520326625	0.5819081492987612	0.8610903710278636	3.761090371027864	31	22.194548144860683	4.119454814486068	0
3.5492168961184403	42	1.30280298166796	2.7295960244427198	0.8	1.9	4.73239900611068	43	21	4.526793042774759	0
4.292593617553794	54	1.1231484043884485	1.8541678197480187	0.6462968087768972	1.3925936175537943	4.276851595611552	46	23	4.677316224136467	0
2.7	49	0.8	4.7	0.8	1.7	6.2	54	26	13.7	1
2.5	45	1	0.95	2.2	4.9	5.2	51	29	7.4	1
3.3	73	1.1	2.6	1.3	3	5.1	60	33	9	1
15.716632900119114	181	0.7959661080702798	2.820169459648601	1.0040338919297203	3.7789095588296617	3.4547062072513404	45	22.9865536935676	5.4	0
4.438148395814036	44	2.138148395814035	1.5745677361239765	0.5436419340309941	1.0309258020929823	4.156358065969006	50	24	4.703611296860527	0
6.196750988386483	81	0.8516245058067587	2.316245058067587	0.9935019767729651	1.2646205522608285	4.403249011613517	38	23.342237150975727	5.158122529033794	0
5.1	72	1.1	2.5	0.9	2.1	4.4	61	26	11.5	1
